MST,Max TemperatureF,Mean TemperatureF,Min TemperatureF,Max Dew PointF,MeanDew PointF,Min DewpointF,Max Humidity, Mean Humidity, Min Humidity, Max Sea Level PressureIn, Mean Sea Level PressureIn, Min Sea Level PressureIn, Max VisibilityMiles, Mean VisibilityMiles, Min VisibilityMiles, Max Wind SpeedMPH, Mean Wind SpeedMPH, Max Gust SpeedMPH,PrecipitationIn, CloudCover, Events, WindDirDegrees
2012-1-1,35,28,21,16,10,1,74,50,31,30.60,30.43,30.27,20,10,10,21,8,23,0.00,1,,316
2012-1-2,53,38,23,19,14,10,69,45,19,30.60,30.46,30.25,20,11,10,8,2,,0.00,1,,230
2012-1-3,59,47,35,16,7,-2,44,19,9,30.39,30.23,30.15,20,12,10,32,9,40,0.00,3,,255
2012-1-4,60,44,28,23,13,-4,60,36,7,30.39,30.35,30.28,20,11,10,16,5,,0.00,2,,218
2012-1-5,66,52,39,19,14,5,42,25,11,30.28,30.12,29.91,10,10,10,21,6,30,0.00,1,,257
2012-1-6,55,42,30,21,15,10,69,36,17,30.09,29.99,29.91,20,10,10,23,11,30,0.00,2,,325
2012-1-7,37,30,24,30,22,18,100,73,48,30.13,30.00,29.90,10,8,1,9,5,,0.00,3,Snow,326
2012-1-8,39,29,19,21,15,10,74,61,31,30.19,30.14,30.10,10,10,10,9,3,,0.00,0,,232
2012-1-9,50,38,26,25,17,10,70,48,28,30.25,30.19,30.13,10,10,10,9,2,,0.00,1,,206
2012-1-10,62,47,32,23,14,-8,65,36,6,30.12,29.96,29.80,20,12,10,29,6,34,0.00,1,,275
2012-1-11,46,26,5,25,12,1,92,67,17,30.13,30.01,29.78,20,7,0,25,16,32,0.00,4,Snow,360
2012-1-12,37,22,6,9,1,-2,85,35,22,30.08,30.05,29.98,10,10,10,28,16,36,0.00,2,,279
2012-1-13,44,36,28,1,-1,-8,29,21,12,30.11,30.03,29.96,20,12,10,38,21,46,0.00,3,,281
2012-1-14,55,46,37,10,2,-6,24,16,10,30.14,30.04,29.92,10,10,10,34,20,51,0.00,2,,273
2012-1-15,57,46,35,9,-1,-13,30,15,5,29.92,29.81,29.69,10,10,10,21,8,30,0.00,2,,252
2012-1-16,44,30,17,21,13,-2,93,59,14,30.00,29.74,29.59,10,8,1,28,10,33,0.00,4,Snow,346
2012-1-17,32,22,12,12,6,-6,93,62,21,30.13,30.03,29.96,20,11,10,12,7,22,0.00,1,,108
2012-1-18,50,36,21,16,7,1,58,33,18,29.97,29.85,29.73,20,11,10,24,7,37,0.00,3,,233
2012-1-19,64,54,44,27,20,14,43,29,18,29.78,29.70,29.57,10,10,10,30,13,53,0.00,2,,342
2012-1-20,53,44,33,21,18,12,56,31,19,29.96,29.77,29.58,20,10,10,39,20,48,0.00,2,,289
2012-1-21,64,46,28,27,20,12,80,45,14,29.89,29.55,29.28,10,10,10,31,6,43,0.00,3,,249
2012-1-22,46,40,33,21,9,-8,39,28,13,29.84,29.55,29.27,10,10,10,46,16,63,0.00,2,,277
2012-1-23,50,41,32,21,7,-2,48,28,16,29.88,29.81,29.78,20,10,10,28,12,33,0.00,2,,314
2012-1-24,35,30,24,30,20,12,93,63,38,30.23,29.99,29.78,20,11,0,14,4,,0.00,5,Snow,325
2012-1-25,60,42,23,21,16,5,80,49,11,30.16,30.06,29.97,20,13,10,36,9,48,0.00,2,,244
2012-1-26,57,49,41,27,14,1,49,29,11,30.12,29.89,29.75,10,10,10,22,13,30,0.00,2,,267
2012-1-27,44,32,19,23,16,3,86,55,24,30.29,30.04,29.79,20,10,1,17,9,26,0.00,2,Fog-Snow,356
2012-1-28,44,32,21,12,-4,-11,68,24,9,30.26,30.18,30.14,10,10,10,44,15,54,0.00,3,,269
2012-1-29,55,48,41,10,3,-9,25,17,12,30.20,30.12,30.03,20,12,10,30,20,37,0.00,2,,263
2012-1-30,62,52,41,10,7,0,29,19,9,30.02,29.90,29.79,20,10,10,29,13,37,0.00,2,,261
2012-1-31,50,42,35,12,10,5,38,28,16,30.08,29.99,29.91,20,12,10,29,14,36,0.00,2,,306
2012-2-1,51,42,33,10,7,-2,38,27,11,30.17,30.09,30.04,20,10,10,29,11,37,0.00,2,,290
2012-2-2,44,37,30,32,15,7,100,51,21,30.06,29.99,29.90,10,7,0,25,9,32,0.00,5,Snow,339
2012-2-3,30,28,26,30,27,25,100,94,86,30.35,30.21,30.06,6,1,0,25,17,30,0.00,8,Snow,343
2012-2-4,30,24,19,27,21,14,100,85,60,30.43,30.38,30.35,15,9,4,12,7,,0.00,6,Snow,325
2012-2-5,32,24,15,19,13,9,80,70,51,30.37,30.27,30.15,20,12,10,9,5,,0.00,1,,277
2012-2-6,33,26,19,25,15,9,93,65,41,30.27,30.14,30.06,20,8,1,16,5,,0.00,4,Snow,326
2012-2-7,24,22,19,21,18,14,93,84,69,30.37,30.29,30.21,12,5,1,8,5,,0.00,8,Snow,342
2012-2-8,44,28,12,18,13,7,86,68,27,30.21,30.14,30.05,12,9,7,8,4,,0.00,3,,274
2012-2-9,39,32,24,19,14,9,69,51,38,30.18,30.12,30.08,20,10,10,12,4,,0.00,3,,240
2012-2-10,30,24,19,19,16,12,93,73,55,30.24,30.14,30.09,20,9,2,12,5,,0.00,4,Snow,91
2012-2-11,19,14,8,16,9,3,92,82,73,30.30,30.22,30.06,15,7,1,13,7,,0.00,6,Snow,8
2012-2-12,26,16,8,19,12,5,92,81,63,30.05,29.82,29.62,10,6,4,9,1,,0.00,4,,310
2012-2-13,39,31,23,28,23,18,93,73,49,29.77,29.68,29.60,20,11,7,7,2,,0.00,3,,210
2012-2-14,39,32,24,28,22,18,87,66,45,29.79,29.73,29.63,20,12,10,12,5,17,0.00,2,,319
2012-2-15,32,28,24,27,22,18,86,74,60,30.10,29.93,29.78,10,9,6,10,4,,0.00,4,,296
2012-2-16,44,34,23,25,17,12,80,59,27,30.15,30.09,30.00,20,13,7,24,6,26,0.00,0,,288
2012-2-17,37,32,26,25,14,5,86,51,28,30.16,30.07,30.01,20,13,10,15,6,,0.00,3,Snow,312
2012-2-18,37,28,19,25,20,12,93,74,48,30.13,29.98,29.84,20,12,7,10,3,,0.00,1,,315
2012-2-19,37,32,26,28,21,12,87,66,47,29.84,29.69,29.55,10,8,5,12,5,,0.00,4,Snow,332
2012-2-20,37,32,26,30,15,0,100,57,22,29.87,29.74,29.60,20,9,2,30,13,40,0.00,5,Snow,317
2012-2-21,46,39,32,21,11,5,42,33,25,29.86,29.80,29.72,20,12,10,46,23,68,0.00,2,,275
2012-2-22,57,52,46,30,19,16,53,30,20,29.76,29.60,29.36,10,10,10,63,34,77,0.00,3,,279
2012-2-23,46,30,15,32,19,0,93,66,39,30.04,29.75,29.45,10,8,0,36,15,50,0.00,6,Rain-Snow,330
2012-2-24,41,30,19,16,7,0,59,42,26,30.15,30.08,30.04,10,10,10,22,10,26,0.00,1,,275
2012-2-25,62,42,21,18,8,-9,69,39,7,30.07,29.81,29.57,10,10,10,52,8,61,0.00,1,,253
2012-2-26,41,36,28,25,-1,-17,65,26,8,30.17,29.94,29.74,20,10,10,47,32,58,0.00,1,,294
2012-2-27,48,34,21,18,5,-4,60,35,18,30.16,29.99,29.76,20,11,10,14,6,,0.00,1,,320
2012-2-28,44,35,26,30,19,7,80,57,24,29.75,29.61,29.48,20,12,3,24,8,39,0.00,3,,283
2012-2-29,55,36,17,10,3,-8,63,19,10,29.86,29.78,29.71,10,10,10,31,16,37,0.00,3,,242
2012-3-1,37,34,28,27,22,14,86,69,41,29.75,29.71,29.67,15,11,3,22,9,20,0.00,7,Snow,150
2012-3-2,35,27,19,18,5,-6,86,42,24,30.00,29.94,29.81,20,14,10,26,9,36,0.00,4,,296
2012-3-3,44,35,26,14,2,-8,55,26,15,30.11,29.99,29.92,10,10,10,48,28,61,0.00,3,,278
2012-3-4,60,51,42,14,9,3,31,23,10,30.15,30.07,29.96,20,11,10,45,18,58,0.00,0,,278
2012-3-5,64,48,32,14,3,-9,41,20,5,30.15,29.99,29.81,20,10,10,30,6,41,0.00,0,,184
2012-3-6,71,56,42,5,-4,-20,19,11,4,29.81,29.64,29.43,20,12,10,17,8,33,0.00,1,,148
2012-3-7,30,28,26,27,26,23,100,89,80,30.13,29.91,29.79,15,7,2,14,8,,0.00,7,Snow,9
2012-3-8,46,35,24,16,8,-4,69,35,12,30.49,30.43,30.38,10,10,10,7,3,,0.00,0,,127
2012-3-9,59,44,30,9,2,-9,40,20,6,30.44,30.28,30.14,10,10,10,12,4,,0.00,0,,214
2012-3-10,66,48,30,32,10,0,57,27,9,30.13,30.02,29.85,20,11,10,13,3,21,0.00,1,,183
2012-3-11,64,50,37,36,14,-8,93,32,8,29.78,29.70,29.63,20,20,20,23,9,29,0.00,5,,284
2012-3-12,66,56,44,12,6,1,25,13,8,29.96,29.92,29.80,10,10,10,22,15,34,0.00,4,,269
2012-3-13,71,58,44,10,1,-9,23,12,4,29.96,29.91,29.78,20,10,10,21,11,26,0.00,1,,245
2012-3-14,73,60,46,5,-7,-20,13,8,4,30.04,29.98,29.92,20,14,10,24,6,22,0.00,3,,247
2012-3-15,71,60,50,27,5,-6,40,13,7,30.16,30.07,30.01,10,10,10,18,11,26,0.00,2,,279
2012-3-16,73,58,44,21,15,7,37,22,8,30.03,29.91,29.78,20,10,10,13,5,21,0.00,2,,270
2012-3-17,73,58,44,14,7,-15,25,17,4,29.97,29.73,29.57,10,10,10,22,6,25,0.00,2,,192
2012-3-18,68,57,46,27,9,0,40,18,9,29.62,29.51,29.31,20,10,6,32,11,53,0.00,2,Rain,188
2012-3-19,46,39,32,9,1,-9,38,22,9,29.67,29.52,29.42,10,10,10,29,14,37,0.00,3,,299
2012-3-20,50,39,28,16,8,0,51,32,13,30.01,29.86,29.68,20,10,10,16,9,23,0.00,4,,337
2012-3-21,64,48,32,21,8,1,45,25,13,30.04,29.98,29.94,10,10,10,15,3,26,0.00,1,,327
2012-3-22,68,54,41,28,18,10,49,32,11,30.02,29.99,29.89,10,10,10,15,9,23,0.00,1,,341
2012-3-23,75,57,39,23,17,7,52,29,7,30.04,29.99,29.94,10,10,10,10,4,,0.00,1,,247
2012-3-24,71,58,46,34,18,10,50,24,11,30.18,30.08,30.01,20,10,10,14,3,21,0.00,2,,22
2012-3-25,69,56,42,36,33,28,76,49,23,30.17,30.06,29.93,20,10,10,15,5,,0.00,3,,331
2012-3-26,77,62,46,36,18,-22,62,32,4,29.92,29.78,29.54,20,12,10,34,7,50,0.00,2,,234
2012-3-27,68,54,39,18,9,1,33,19,7,30.03,29.93,29.80,20,12,10,18,9,25,0.00,2,,217
2012-3-28,73,58,42,48,15,3,77,24,6,30.13,29.97,29.84,20,12,10,14,6,,0.00,2,,329
2012-3-29,71,62,53,19,9,1,25,14,7,30.00,29.90,29.86,10,10,10,29,10,37,0.00,2,,279
2012-3-30,75,62,50,21,14,9,26,18,8,29.94,29.91,29.85,20,10,10,20,10,28,0.00,1,,258
2012-3-31,80,66,51,23,19,9,33,20,8,29.96,29.87,29.68,20,10,10,17,7,18,0.00,2,,250
2012-4-1,82,66,51,12,5,-6,19,11,4,29.68,29.57,29.39,10,10,10,14,7,17,0.00,1,,215
2012-4-2,57,45,33,34,27,12,100,52,18,30.18,29.81,29.48,20,11,3,28,14,36,0.00,5,Rain,19
2012-4-3,35,34,32,36,31,27,100,90,70,30.22,30.15,30.09,20,6,0,23,12,29,0.00,8,Rain-Snow,344
2012-4-4,60,46,33,39,32,28,87,71,34,30.08,29.98,29.85,20,12,10,7,4,,0.00,5,,320
2012-4-5,71,56,41,41,31,18,70,50,13,29.92,29.86,29.78,10,10,10,13,4,18,0.00,2,,142
2012-4-6,73,57,41,43,20,-33,93,46,4,30.00,29.79,29.60,10,10,10,32,11,44,0.00,0,,237
2012-4-7,60,46,32,21,12,-6,52,32,10,30.30,30.21,30.04,20,10,10,16,7,25,0.00,0,,130
2012-4-8,71,53,35,21,11,-6,52,27,5,30.31,30.24,30.17,10,10,10,15,3,21,0.00,1,,36
2012-4-9,66,52,37,30,18,12,47,31,16,30.24,30.19,30.13,10,10,10,18,9,,0.00,1,,343
2012-4-10,77,59,41,37,32,19,81,52,12,30.18,30.11,30.00,20,13,10,13,7,20,0.00,2,,323
2012-4-11,68,57,46,46,43,36,87,70,43,30.10,30.02,29.80,20,10,1,30,13,40,0.00,6,Rain-Thunderstorm,319
2012-4-12,64,55,44,43,35,18,81,57,16,29.81,29.75,29.67,20,11,10,26,12,34,0.00,3,Rain-Thunderstorm,277
2012-4-13,62,52,42,28,16,3,50,28,9,29.84,29.77,29.71,10,10,10,29,15,37,0.00,2,,261
2012-4-14,59,48,33,37,28,23,93,53,25,29.79,29.64,29.48,10,9,2,18,8,26,0.00,3,Rain-Snow-Thunderstorm,349
2012-4-15,50,42,33,36,31,21,100,73,32,30.03,29.71,29.56,20,10,1,30,10,38,0.00,5,Rain-Snow-Thunderstorm,331
2012-4-16,59,46,33,50,26,10,93,59,16,30.17,30.07,29.60,20,11,10,18,7,34,0.00,2,,244
2012-4-17,66,52,37,48,22,12,72,37,13,30.19,30.13,30.03,20,10,10,24,5,33,0.00,3,,227
2012-4-18,69,54,39,32,27,18,70,40,14,30.13,30.03,29.85,20,10,10,20,7,21,0.00,3,,295
2012-4-19,62,53,44,37,33,21,71,51,20,30.10,29.97,29.91,10,10,10,23,10,39,0.00,4,,3
2012-4-20,68,54,41,36,32,25,81,58,20,30.20,30.15,30.07,20,10,10,18,8,26,0.00,5,,322
2012-4-21,73,63,53,34,27,21,44,28,18,30.29,30.13,30.06,10,10,10,25,13,28,0.00,1,,329
2012-4-22,73,58,44,34,31,23,62,44,16,30.32,30.28,30.22,10,10,10,10,6,,0.00,1,,351
2012-4-23,80,65,50,36,29,18,51,35,10,30.23,30.17,30.04,10,10,10,9,3,9,0.00,1,,346
2012-4-24,86,68,51,45,25,9,76,25,6,30.03,29.98,29.90,20,11,8,33,6,40,0.00,2,Thunderstorm,259
2012-4-25,78,66,55,36,24,16,42,23,10,30.05,29.97,29.89,20,11,10,12,6,23,0.00,3,,280
2012-4-26,78,66,53,48,34,27,82,37,15,30.05,29.93,29.70,20,10,10,29,6,44,0.00,3,Rain-Thunderstorm,201
2012-4-27,62,53,42,50,37,19,94,62,19,29.91,29.72,29.66,10,10,7,39,10,48,0.00,2,Rain-Thunderstorm,312
2012-4-28,64,52,39,28,13,-4,53,30,7,30.01,29.94,29.88,20,10,10,34,13,41,0.00,2,,266
2012-4-29,62,48,35,32,30,23,87,57,22,30.05,30.00,29.95,20,11,10,16,8,21,0.00,1,,350
2012-4-30,75,58,41,30,18,1,53,30,7,30.04,29.95,29.78,10,10,10,18,6,,0.00,1,,258
2012-5-1,77,64,50,34,18,10,41,21,9,29.86,29.77,29.71,10,9,2,22,6,29,0.00,2,,234
2012-5-2,77,64,50,39,33,25,54,41,16,29.97,29.85,29.80,20,11,2,16,6,20,0.00,3,,190
2012-5-3,82,66,50,39,32,18,58,39,10,30.02,29.94,29.83,10,9,5,14,6,22,0.00,2,,177
2012-5-4,86,70,55,28,18,5,36,18,5,29.96,29.90,29.83,10,10,10,22,7,25,0.00,0,,272
2012-5-5,82,66,50,46,25,5,67,28,8,30.13,29.92,29.84,20,11,10,25,7,31,0.00,2,Rain-Thunderstorm,20
2012-5-6,59,50,42,41,21,3,87,37,14,30.30,30.20,30.14,12,10,6,25,12,30,0.00,5,Rain,16
2012-5-7,48,42,37,41,37,36,93,81,62,30.35,30.28,30.22,20,10,2,16,4,,0.00,8,Rain,335
2012-5-8,62,50,37,41,32,21,87,62,20,30.28,30.23,30.15,20,10,7,8,4,,0.00,2,Fog,305
2012-5-9,77,59,41,34,26,10,70,40,9,30.18,30.08,29.95,10,10,10,12,3,17,0.00,0,,238
2012-5-10,82,66,51,48,21,9,41,23,6,30.01,29.89,29.78,10,10,10,26,6,32,0.00,2,,234
2012-5-11,55,46,37,36,33,25,93,66,44,30.32,30.22,30.04,20,11,7,22,12,29,0.00,6,Rain,9
2012-5-12,48,42,35,43,37,36,100,87,66,30.37,30.33,30.30,10,5,2,12,5,,0.00,7,,24
2012-5-13,59,50,41,43,40,32,100,77,36,30.35,30.32,30.29,20,6,1,9,4,,0.00,5,,328
2012-5-14,75,58,41,36,25,1,70,43,6,30.32,30.27,30.19,20,10,10,9,3,,0.00,0,,271
2012-5-15,80,65,50,30,22,12,40,25,8,30.30,30.21,30.14,20,10,10,13,4,,0.00,0,,305
2012-5-16,80,66,53,45,29,18,41,30,10,30.17,30.08,29.98,10,10,10,26,8,34,0.00,3,,255
2012-5-17,77,66,55,39,29,19,45,28,12,29.97,29.90,29.81,10,10,10,18,6,25,0.00,2,,241
2012-5-18,80,66,53,34,28,14,44,28,9,29.82,29.74,29.64,10,10,10,23,4,43,0.00,3,Rain,291
2012-5-19,60,51,42,45,40,19,100,68,30,30.21,30.03,29.82,20,11,7,17,8,,0.00,4,Rain-Thunderstorm,9
2012-5-20,71,56,42,41,36,28,81,59,21,30.27,30.22,30.20,10,10,10,12,4,17,0.00,2,,246
2012-5-21,82,64,46,39,32,19,66,40,10,30.24,30.18,30.05,20,10,10,9,5,,0.00,1,,230
2012-5-22,89,72,55,41,28,10,44,25,5,30.05,29.89,29.67,20,11,10,16,6,18,0.00,3,,215
2012-5-23,69,58,48,50,35,14,100,49,12,29.79,29.72,29.66,20,9,3,16,9,28,0.00,4,Rain-Thunderstorm,25
2012-5-24,69,56,44,46,33,18,93,55,15,29.91,29.73,29.66,10,10,10,29,7,37,0.00,3,,310
2012-5-25,71,60,48,43,39,36,71,52,31,29.91,29.86,29.75,10,10,10,16,6,24,0.00,5,,20
2012-5-26,89,70,51,52,41,1,94,62,4,29.86,29.76,29.52,14,7,2,25,9,37,0.00,3,,313
2012-5-27,71,60,50,23,5,-2,21,12,5,29.95,29.82,29.66,20,10,5,33,15,48,0.00,1,,262
2012-5-28,77,60,42,48,14,5,76,19,6,30.11,29.99,29.94,10,10,10,24,16,32,0.00,1,,256
2012-5-29,78,62,46,32,24,12,50,30,9,30.21,30.12,30.01,20,11,10,15,4,,0.00,1,,6
2012-5-30,84,67,50,36,25,5,47,28,5,30.16,30.04,29.96,10,10,10,28,6,36,0.00,2,,320
2012-5-31,71,58,44,37,34,32,71,44,23,30.23,30.15,30.07,10,10,10,10,3,,0.00,2,,21
2012-6-1,80,66,51,39,36,32,54,38,17,30.08,30.01,29.97,10,10,10,15,4,,0.00,2,,359
2012-6-2,75,65,55,41,39,30,58,42,19,30.08,30.01,29.94,10,10,10,34,5,51,0.00,2,Rain,298
2012-6-3,87,73,59,39,32,25,45,25,10,30.10,30.00,29.93,10,10,10,23,7,34,0.00,3,Thunderstorm,227
2012-6-4,91,74,57,43,37,23,55,36,8,30.13,30.08,30.02,15,11,10,23,6,37,0.00,2,,173
2012-6-5,84,70,55,43,40,36,58,36,18,30.05,29.95,29.81,20,10,10,26,9,36,0.00,3,,166
2012-6-6,84,70,57,54,43,36,68,41,19,29.99,29.91,29.86,20,10,10,18,11,29,0.00,2,Rain-Thunderstorm,230
2012-6-7,80,70,60,57,53,46,82,58,32,30.10,30.04,29.95,20,12,8,17,5,28,0.00,6,Thunderstorm,349
2012-6-8,91,74,57,50,40,18,77,45,7,30.13,29.98,29.75,20,10,10,16,8,22,0.00,2,Thunderstorm,158
2012-6-9,95,78,60,32,17,3,26,13,4,29.78,29.70,29.56,10,10,10,21,7,24,0.00,1,,240
2012-6-10,77,65,53,32,22,1,38,22,7,30.09,29.86,29.64,20,12,10,22,10,30,0.00,1,,127
2012-6-11,78,64,50,37,16,1,37,19,9,30.26,30.17,30.08,20,13,10,24,11,29,0.00,1,,151
2012-6-12,84,68,53,28,22,5,35,23,5,30.21,30.15,30.05,15,9,3,12,4,,0.00,2,,336
2012-6-13,89,70,51,28,18,1,33,17,4,30.07,29.97,29.82,10,10,10,16,6,24,0.00,1,,201
2012-6-14,84,72,60,41,25,10,37,19,12,30.06,29.95,29.85,20,12,10,13,6,18,0.00,1,,313
2012-6-15,80,71,62,46,41,23,52,37,13,30.13,30.05,29.97,20,13,10,20,7,29,0.00,3,Thunderstorm,167
2012-6-16,78,68,59,46,40,30,55,40,17,30.29,30.18,30.08,10,10,10,25,16,32,0.00,3,,348
2012-6-17,95,78,60,41,26,-8,48,24,4,30.09,29.97,29.81,20,10,10,26,4,34,0.00,1,,258
2012-6-18,98,83,68,27,15,1,20,10,4,29.84,29.78,29.67,10,10,10,23,7,30,0.00,1,,250
2012-6-19,95,83,71,34,16,3,22,9,4,29.80,29.74,29.69,20,11,10,24,11,40,0.00,1,,25
2012-6-20,73,64,55,48,36,10,77,41,11,30.31,30.04,29.82,20,14,10,17,9,24,0.00,4,,23
2012-6-21,86,73,60,43,35,30,39,29,18,30.32,30.23,30.05,10,10,10,12,4,,0.00,4,,130
2012-6-22,100,80,60,43,34,9,48,30,4,30.06,29.96,29.79,20,12,10,14,6,16,0.00,2,,315
2012-6-23,102,82,62,32,16,0,32,10,4,29.98,29.90,29.84,20,13,10,16,9,21,0.00,1,,312
2012-6-24,100,84,69,48,25,12,26,13,4,30.14,30.07,29.98,20,11,8,31,9,47,0.00,2,,314
2012-6-25,104,86,68,45,32,9,40,22,4,30.17,30.08,29.92,20,12,10,18,8,29,0.00,1,,325
2012-6-26,96,84,73,41,28,21,29,14,7,29.99,29.94,29.89,20,12,10,33,10,55,0.00,2,Thunderstorm,253
2012-6-27,95,82,68,52,37,30,56,25,10,30.17,30.01,29.92,20,11,10,21,8,32,0.00,2,Rain-Thunderstorm,238
2012-6-28,89,76,64,50,38,27,52,25,10,30.21,30.18,30.13,20,16,10,22,6,37,0.00,5,Thunderstorm,211
2012-6-29,93,80,66,46,33,19,40,18,8,30.17,30.11,30.05,20,16,10,31,8,50,0.00,4,Rain,133
2012-6-30,95,80,66,36,27,21,32,13,7,30.11,30.06,30.02,20,20,20,15,5,25,0.00,4,,265
2012-7-1,98,82,66,41,25,10,30,12,4,30.06,29.99,29.92,15,15,15,25,9,34,0.00,3,,154
2012-7-2,95,80,66,50,39,21,49,25,7,30.13,30.07,30.00,20,11,7,26,9,36,0.00,3,Rain-Thunderstorm,340
2012-7-3,91,78,64,50,42,28,59,31,12,30.13,30.03,29.98,20,11,10,28,6,46,0.00,1,Rain,183
2012-7-4,95,80,64,48,35,23,49,22,8,30.05,30.00,29.94,15,9,4,15,5,21,0.00,1,,344
2012-7-5,96,82,69,55,49,32,60,36,11,30.10,30.03,29.95,20,11,10,26,9,34,0.00,1,Thunderstorm,352
2012-7-6,84,73,62,59,50,43,83,49,27,30.33,30.18,30.05,20,11,10,21,5,26,0.00,2,Rain-Thunderstorm,41
2012-7-7,82,70,59,59,56,50,100,76,32,30.39,30.34,30.27,20,9,0,26,6,36,0.00,6,Rain-Thunderstorm,106
2012-7-8,75,68,60,59,58,54,94,80,47,30.39,30.35,30.33,20,11,1,15,3,,0.00,7,Rain,354
2012-7-9,80,71,62,61,57,50,94,73,34,30.40,30.36,30.30,20,9,1,9,4,,0.00,7,Rain,350
2012-7-10,84,72,60,66,50,37,77,55,20,30.36,30.31,30.23,20,12,10,10,5,,0.00,2,,51
2012-7-11,86,73,60,50,45,39,68,43,19,30.26,30.23,30.15,20,13,10,9,4,,0.00,2,,320
2012-7-12,89,74,60,48,42,30,55,37,12,30.23,30.19,30.15,20,13,10,13,6,17,0.00,1,,288
2012-7-13,93,78,64,45,38,21,46,30,7,30.26,30.21,30.15,20,12,10,9,4,,0.00,2,,355
2012-7-14,93,78,62,45,39,27,45,29,9,30.23,30.17,30.10,20,12,10,14,4,22,0.00,3,,243
2012-7-15,93,78,64,48,42,32,52,31,11,30.13,30.09,30.02,20,10,10,25,5,30,0.00,2,,262
2012-7-16,91,76,62,57,46,37,77,43,16,30.15,30.07,29.99,10,10,10,29,7,34,0.00,2,Rain-Thunderstorm,218
2012-7-17,86,75,64,52,46,37,64,41,19,30.14,30.06,30.00,10,10,10,16,8,18,0.00,2,,345
2012-7-18,93,78,64,50,43,28,52,37,10,30.20,30.15,30.12,10,10,10,17,4,22,0.00,2,,230
2012-7-19,96,79,62,46,41,30,52,33,10,30.27,30.22,30.19,10,10,10,12,3,,0.00,1,,212
2012-7-20,96,80,64,45,37,25,42,25,8,30.28,30.23,30.17,10,10,10,9,4,17,0.00,1,,203
2012-7-21,95,82,68,45,39,30,40,25,10,30.28,30.22,30.13,20,10,10,16,4,23,0.00,1,Thunderstorm,312
2012-7-22,93,80,68,48,44,39,43,32,15,30.29,30.24,30.16,20,10,10,12,8,,0.00,2,Rain-Thunderstorm,326
2012-7-23,93,80,68,46,43,32,46,32,11,30.25,30.19,30.09,20,10,10,26,6,38,0.00,1,Rain,262
2012-7-24,93,78,64,54,42,32,64,33,11,30.14,30.08,29.96,20,11,10,29,7,38,0.00,2,Rain-Thunderstorm,311
2012-7-25,86,74,62,54,49,41,68,45,20,30.19,30.07,30.01,10,10,10,26,11,33,0.00,2,,18
2012-7-26,89,74,59,52,47,36,72,49,15,30.25,30.18,30.14,10,10,10,12,6,,0.00,2,,300
2012-7-27,89,76,64,54,45,39,64,38,17,30.28,30.23,30.17,10,10,10,28,8,34,0.00,3,Rain-Thunderstorm,280
2012-7-28,89,76,64,54,46,36,60,43,15,30.31,30.23,30.17,20,11,10,23,7,31,0.00,2,,216
2012-7-29,89,76,64,57,49,37,68,46,17,30.28,30.22,30.19,20,12,10,17,4,24,0.00,3,Rain-Thunderstorm,307
2012-7-30,86,74,62,57,53,45,77,59,23,30.28,30.24,30.21,10,10,10,18,5,25,0.00,3,Rain-Thunderstorm,286
2012-7-31,89,76,62,57,51,45,72,47,22,30.28,30.20,30.13,20,11,10,16,4,24,0.00,2,Thunderstorm,186
2012-8-1,91,78,64,57,46,32,68,39,12,30.23,30.17,30.10,10,10,10,18,10,25,0.00,2,Rain-Thunderstorm,262
2012-8-2,89,76,64,50,42,32,59,35,14,30.18,30.11,30.03,10,10,10,20,8,25,0.00,2,,227
2012-8-3,93,78,62,46,34,12,48,27,5,30.15,30.03,29.97,20,10,10,34,7,47,0.00,3,Rain-Thunderstorm,222
2012-8-4,82,70,59,45,41,34,55,44,17,30.33,30.28,30.18,20,13,10,24,13,30,0.00,5,,36
2012-8-5,95,78,60,41,38,25,48,34,8,30.35,30.29,30.04,20,11,10,12,5,,0.00,1,,252
2012-8-6,93,81,69,41,34,19,33,21,7,30.34,30.26,30.22,20,11,10,17,7,26,0.00,3,,297
2012-8-7,93,78,64,45,39,27,49,29,11,30.32,30.27,30.24,10,10,10,16,6,,0.00,2,,311
2012-8-8,93,76,60,45,29,18,34,20,6,30.36,30.31,30.26,15,12,10,14,7,,0.00,0,,352
2012-8-9,87,74,62,41,36,30,37,26,16,30.33,30.29,30.19,20,12,10,20,12,23,0.00,1,,336
2012-8-10,91,78,64,45,40,30,49,33,11,30.28,30.22,30.09,20,13,10,18,13,21,0.00,2,,323
2012-8-11,89,74,60,54,41,34,72,32,15,30.25,30.12,30.07,20,11,10,18,9,25,0.00,3,Rain,287
2012-8-12,84,70,55,50,42,28,72,47,13,30.33,30.29,30.23,20,12,10,15,6,23,0.00,1,,130
2012-8-13,80,70,60,45,39,34,48,35,23,30.28,30.22,30.13,20,14,10,22,5,29,0.00,3,Rain,316
2012-8-14,91,74,57,45,37,21,59,37,8,30.14,30.09,30.01,20,11,6,13,4,18,0.00,2,,339
2012-8-15,91,76,62,45,32,18,48,23,7,30.31,30.07,30.01,15,10,8,21,8,29,0.00,2,,304
2012-8-16,75,65,55,45,44,43,67,53,31,30.32,30.28,30.19,20,13,10,15,8,21,0.00,5,,25
2012-8-17,82,66,50,45,43,37,76,54,20,30.27,30.19,30.10,20,13,10,12,5,,0.00,1,,315
2012-8-18,80,70,59,45,37,28,55,34,15,30.28,30.19,30.14,20,12,10,15,8,,0.00,1,,352
2012-8-19,82,68,53,32,31,23,44,31,12,30.25,30.21,30.15,20,11,10,16,8,21,0.00,0,,339
2012-8-20,80,70,59,41,33,25,45,32,14,30.15,30.12,30.09,20,12,10,21,6,18,0.00,3,,305
2012-8-21,87,73,59,41,33,25,45,29,11,30.21,30.16,30.09,20,12,10,12,5,,0.00,1,,328
2012-8-22,87,74,62,52,35,30,56,28,13,30.11,30.07,30.04,20,12,10,25,5,37,0.00,3,Rain,242
2012-8-23,82,72,62,54,49,41,68,50,24,30.13,30.08,30.01,20,13,10,16,6,21,0.00,3,Rain,291
2012-8-24,84,72,59,48,42,30,63,41,14,30.01,29.98,29.92,20,10,10,23,6,,0.00,3,,303
2012-8-25,80,70,59,39,34,30,40,26,18,30.22,30.06,29.95,20,12,10,17,11,24,0.00,1,,340
2012-8-26,91,75,59,41,30,12,48,27,5,30.24,30.15,30.10,20,10,10,10,4,,0.00,1,,346
2012-8-27,93,78,64,41,30,23,37,21,10,30.29,30.26,30.24,20,11,10,23,4,34,0.00,2,,237
2012-8-28,93,78,62,46,37,30,40,28,11,30.30,30.25,30.20,20,11,10,29,5,44,0.00,3,Rain,242
2012-8-29,93,80,66,45,39,28,40,29,11,30.21,30.14,30.06,20,12,10,30,5,37,0.00,3,,230
2012-8-30,93,82,71,46,37,30,41,24,11,30.20,30.10,30.06,20,11,4,21,4,29,0.00,2,,313
2012-8-31,93,76,60,41,33,18,45,28,7,30.20,30.16,30.08,20,9,4,15,4,20,0.00,1,,204
2012-9-1,91,78,64,45,32,23,38,24,10,30.18,30.15,30.10,10,10,10,21,8,28,0.00,1,,203
2012-9-2,89,78,66,48,40,30,46,31,12,30.20,30.16,30.12,20,10,6,20,9,43,0.00,3,,280
2012-9-3,87,74,60,46,39,19,55,35,8,30.23,30.19,30.15,20,11,10,22,9,29,0.00,3,,277
2012-9-4,89,74,59,48,26,9,42,24,5,30.20,30.15,30.06,10,10,10,25,8,33,0.00,1,,258
2012-9-5,86,72,59,28,19,9,26,16,6,30.29,30.19,30.08,15,12,10,18,9,36,0.00,0,,280
2012-9-6,87,74,60,54,18,9,35,15,6,30.16,30.11,30.03,20,10,10,21,4,29,0.00,2,,191
2012-9-7,68,60,53,50,40,28,72,51,23,30.42,30.31,30.17,20,13,10,25,13,32,0.00,3,Rain,330
2012-9-8,77,64,51,43,36,18,71,46,11,30.43,30.38,30.31,20,13,10,9,3,,0.00,0,,313
2012-9-9,87,69,51,30,25,9,41,26,5,30.35,30.26,30.11,20,11,10,10,4,,0.00,0,,197
2012-9-10,91,76,60,52,25,16,72,20,7,30.11,30.07,29.98,20,11,10,12,4,22,0.00,2,,135
2012-9-11,82,71,60,55,35,23,82,31,13,30.13,30.03,29.96,15,10,8,14,6,18,0.00,3,Rain,327
2012-9-12,60,55,50,55,49,18,94,83,28,30.43,30.25,30.12,15,8,4,12,4,17,0.00,8,Rain,90
2012-9-13,68,60,51,48,41,25,88,63,21,30.53,30.47,30.43,20,10,5,9,4,,0.00,5,,45
2012-9-14,77,62,48,39,31,16,66,40,10,30.51,30.44,30.33,20,12,10,13,3,16,0.00,0,,162
2012-9-15,86,68,51,34,25,10,47,28,6,30.32,30.26,30.16,10,10,10,12,3,,0.00,1,,229
2012-9-16,86,72,59,30,16,3,30,15,5,30.20,30.14,30.05,20,11,10,25,7,32,0.00,2,,270
2012-9-17,64,57,50,39,36,30,66,47,31,30.24,30.22,30.18,20,14,10,16,7,21,0.00,2,,20
2012-9-18,77,62,48,39,33,21,66,42,12,30.24,30.19,30.13,20,11,8,10,2,,0.00,0,,168
2012-9-19,80,70,59,46,22,18,49,19,10,30.25,30.18,30.13,15,10,8,14,8,17,0.00,3,,294
2012-9-20,80,66,51,32,27,18,47,28,10,30.25,30.20,30.16,20,12,10,16,3,,0.00,1,,283
2012-9-21,77,65,53,32,27,21,41,28,12,30.28,30.21,30.17,20,11,8,10,5,16,0.00,1,,319
2012-9-22,77,64,50,34,30,28,50,32,18,30.35,30.29,30.21,20,11,10,12,8,,0.00,1,,330
2012-9-23,86,70,53,36,27,9,47,28,5,30.25,30.20,30.12,20,11,10,14,3,22,0.00,3,,297
2012-9-24,78,68,59,41,32,21,51,26,12,30.17,30.11,29.99,20,12,10,18,9,26,0.00,3,,273
2012-9-25,68,60,51,52,41,36,100,56,33,30.11,30.05,30.02,20,11,4,13,2,20,0.00,4,Rain,294
2012-9-26,64,57,50,50,47,32,94,80,44,30.24,30.15,30.09,20,11,7,15,3,,0.00,7,Rain-Thunderstorm,307
2012-9-27,66,56,46,50,45,43,88,76,49,30.26,30.22,30.18,20,13,8,18,5,25,0.00,3,Rain-Thunderstorm,301
2012-9-28,69,58,46,45,41,34,87,63,27,30.27,30.22,30.18,10,10,10,10,3,,0.00,1,,306
2012-9-29,77,64,50,43,38,25,71,47,14,30.22,30.18,30.13,20,10,10,10,2,,0.00,2,,10
2012-9-30,73,64,55,41,33,28,58,35,20,30.26,30.20,30.16,20,11,10,25,7,34,0.00,3,,299
2012-10-1,68,60,51,45,37,32,76,48,26,30.37,30.29,30.20,20,14,10,15,8,21,0.00,4,Rain,350
2012-10-2,82,64,46,39,29,16,71,39,8,30.20,30.06,29.94,20,11,10,16,4,18,0.00,0,,243
2012-10-3,80,60,39,30,22,12,61,24,8,30.38,30.02,29.90,15,10,8,23,13,37,0.00,2,,277
2012-10-4,46,42,37,27,25,23,65,57,40,30.37,30.31,30.21,20,11,10,13,7,,0.00,7,,78
2012-10-5,68,49,30,34,28,23,100,73,26,30.29,30.21,30.16,20,10,2,17,8,,0.00,7,Rain-Snow,359
2012-10-6,37,34,32,32,30,27,100,89,70,30.29,30.23,30.18,15,8,0,10,4,,0.00,8,Rain-Snow,51
2012-10-7,53,40,26,28,20,5,93,58,14,30.23,30.15,30.04,20,11,10,9,4,,0.00,3,,215
2012-10-8,73,53,33,21,8,-9,60,28,4,30.05,29.98,29.86,20,11,10,28,8,39,0.00,1,,276
2012-10-9,60,48,37,34,26,3,75,52,10,30.22,30.05,29.89,20,13,10,20,7,29,0.00,4,,7
2012-10-10,59,48,37,37,33,30,87,66,36,30.18,30.12,30.01,20,10,8,7,4,,0.00,3,,317
2012-10-11,64,53,42,36,29,23,66,39,21,30.27,30.10,30.01,20,12,10,13,7,18,0.00,2,,296
2012-10-12,62,48,33,45,34,30,87,69,39,30.24,30.09,29.92,20,13,10,14,7,,0.00,3,Rain-Thunderstorm,329
2012-10-13,59,52,46,43,33,23,82,50,33,30.14,29.96,29.89,20,14,10,15,7,,0.00,5,Rain,314
2012-10-14,69,58,46,41,31,25,76,42,18,30.32,30.25,30.20,20,20,20,16,5,20,0.00,1,,235
2012-10-15,77,62,46,34,18,7,54,20,7,30.11,30.01,29.94,20,12,10,24,7,32,0.00,2,,249
2012-10-16,77,64,50,34,24,16,54,24,10,29.97,29.84,29.61,20,11,10,33,14,43,0.00,2,Rain,247
2012-10-17,57,48,39,27,6,-8,38,18,7,30.03,29.85,29.72,20,10,10,33,21,44,0.00,0,,285
2012-10-18,64,48,32,18,12,3,55,31,9,30.13,30.07,30.04,10,10,10,20,9,26,0.00,0,,72
2012-10-19,71,55,39,21,11,7,36,21,8,30.11,30.02,29.90,20,10,10,17,3,,0.00,2,,282
2012-10-20,73,66,59,18,11,5,19,13,8,29.92,29.85,29.74,10,10,10,21,7,30,0.00,3,,238
2012-10-21,68,60,48,36,18,9,58,23,14,29.95,29.85,29.78,20,10,10,16,7,,0.00,1,,288
2012-10-22,64,52,39,36,33,32,76,57,30,29.95,29.89,29.75,20,12,10,15,6,16,0.00,1,,333
2012-10-23,77,62,46,48,20,-9,54,32,4,29.95,29.77,29.71,20,10,10,18,6,30,0.00,2,,256
2012-10-24,50,40,30,39,30,27,100,63,46,30.07,29.93,29.79,20,8,1,17,7,30,0.00,7,Rain-Snow,10
2012-10-25,33,30,28,30,28,25,100,91,75,30.23,30.15,30.08,20,5,1,10,5,,0.00,8,Snow,52
2012-10-26,39,32,26,28,26,23,93,87,56,30.42,30.28,30.14,20,9,3,13,8,,0.00,6,Snow,350
2012-10-27,48,36,24,28,24,18,93,69,30,30.14,30.11,30.06,20,9,4,13,6,23,0.00,3,,322
2012-10-28,62,47,32,32,27,21,87,62,25,30.14,30.09,30.02,20,11,10,26,6,32,0.00,2,,279
2012-10-29,66,55,44,30,27,23,57,37,19,30.15,30.12,30.09,20,11,10,21,4,26,0.00,2,,273
2012-10-30,69,58,48,30,25,19,50,32,15,30.21,30.15,30.09,20,12,10,18,6,20,0.00,2,,312
2012-10-31,69,58,46,27,23,16,40,31,13,30.20,30.16,30.14,10,10,10,12,6,,0.00,2,,282
2012-11-1,68,55,42,36,26,18,53,39,15,30.18,30.06,29.97,20,12,10,7,3,,0.00,3,,270
2012-11-2,60,51,42,30,19,9,61,27,14,30.18,30.04,29.97,20,10,10,23,10,26,0.00,3,,256
2012-11-3,55,45,35,30,29,27,70,57,33,30.20,30.18,30.14,10,10,10,8,4,,0.00,2,,327
2012-11-4,62,50,39,30,25,16,65,45,17,30.36,30.21,30.16,10,10,10,13,3,,0.00,3,,338
2012-11-5,66,50,35,30,27,19,81,51,20,30.34,30.25,30.13,20,11,10,16,6,18,0.00,2,,256
2012-11-6,64,55,46,30,27,23,53,35,24,30.29,30.23,30.20,20,11,10,17,5,24,0.00,0,,306
2012-11-7,73,57,41,30,19,7,57,29,8,30.22,30.07,29.96,10,10,10,16,5,,0.00,1,,294
2012-11-8,59,50,42,30,21,10,57,34,15,30.03,29.93,29.82,10,10,10,16,8,21,0.00,2,,281
2012-11-9,57,46,35,32,29,25,75,55,33,29.82,29.68,29.54,20,12,10,17,4,24,0.00,1,,343
2012-11-10,55,38,21,34,25,18,100,68,26,29.82,29.59,29.42,20,7,0,28,15,39,0.00,5,Fog-Snow,60
2012-11-11,33,25,17,19,9,-6,93,58,23,30.13,29.95,29.82,20,11,10,32,9,44,0.00,5,,226
2012-11-12,46,34,23,21,6,-4,60,35,16,30.25,30.20,30.14,20,12,10,36,16,48,0.00,0,,308
2012-11-13,53,42,32,23,14,-6,65,42,13,30.29,30.21,30.16,20,10,10,21,5,26,0.00,1,,301
2012-11-14,53,42,30,30,23,18,70,58,24,30.25,30.18,30.10,20,12,10,16,4,,0.00,2,,337
2012-11-15,44,38,32,30,27,21,87,69,52,30.42,30.31,30.20,20,13,7,9,3,,0.00,3,,344
2012-11-16,55,42,28,30,25,19,81,61,31,30.29,30.17,30.07,20,11,7,7,2,,0.00,2,,289
2012-11-17,62,50,39,27,23,18,57,36,18,30.12,30.07,30.04,20,10,10,21,8,29,0.00,1,,276
2012-11-18,62,50,37,27,22,16,65,38,16,30.10,30.03,29.98,20,11,10,32,8,38,0.00,1,,276
2012-11-19,55,48,39,21,19,16,45,33,23,30.26,30.19,30.11,20,11,10,17,11,24,0.00,2,,262
2012-11-20,66,52,37,28,18,7,53,35,10,30.24,30.16,30.09,20,13,10,8,4,,0.00,1,,220
2012-11-21,71,56,42,14,8,-4,31,18,6,30.09,30.00,29.91,10,10,10,18,4,,0.00,1,,270
2012-11-22,59,46,32,27,11,3,41,23,11,30.47,30.14,29.93,20,12,10,22,13,34,0.00,2,,310
2012-11-23,50,38,26,19,12,9,60,40,20,30.48,30.38,30.20,20,12,10,12,3,,0.00,1,,355
2012-11-24,64,48,33,21,6,-2,60,18,7,30.20,30.07,29.96,20,10,10,36,9,45,0.00,3,,262
2012-11-25,64,50,37,21,8,-8,45,23,6,29.99,29.93,29.79,20,10,10,30,7,37,0.00,2,,239
2012-11-26,41,32,24,28,24,18,93,77,39,30.33,30.17,29.99,20,10,2,16,8,,0.00,5,,350
2012-11-27,62,42,23,23,3,-20,86,31,4,30.24,30.16,30.11,20,10,7,25,7,34,0.00,3,,268
2012-11-28,53,43,33,25,6,-9,37,24,7,30.23,30.15,30.06,20,12,10,15,3,,0.00,3,,291
2012-11-29,64,52,39,19,14,3,34,23,12,30.07,30.03,29.99,20,10,10,22,9,29,0.00,3,,260
2012-11-30,59,49,39,23,19,12,49,36,17,30.08,29.98,29.85,20,12,10,20,5,,0.00,3,,332
2012-12-1,68,58,48,23,15,5,34,22,9,30.02,29.94,29.86,10,10,10,34,13,40,0.00,4,,266
2012-12-2,64,52,39,21,10,0,45,22,8,30.01,29.87,29.68,20,11,10,26,4,39,0.00,2,,255
2012-12-3,59,48,35,25,14,-4,40,24,11,30.18,29.93,29.67,20,12,10,32,19,51,0.00,2,,279
2012-12-4,57,44,32,50,9,3,94,28,12,30.32,30.22,30.06,20,12,10,23,8,33,0.00,3,,291
2012-12-5,71,58,44,23,18,5,35,25,9,30.16,30.01,29.87,20,12,10,33,7,41,0.00,3,,239
2012-12-6,53,42,32,30,26,21,80,49,28,30.06,29.93,29.86,20,12,10,25,10,33,0.00,2,,318
2012-12-7,53,42,30,27,20,12,80,53,19,29.93,29.84,29.79,10,10,10,21,7,28,0.00,3,,128
2012-12-8,50,37,24,25,19,-2,86,59,12,29.88,29.76,29.62,20,10,2,32,6,41,0.00,3,Snow,276
2012-12-9,26,20,14,21,7,-6,86,58,24,30.14,30.00,29.87,20,12,10,23,6,21,0.00,3,,275
2012-12-10,37,24,12,23,1,-8,86,37,17,29.97,29.88,29.81,20,10,2,40,9,48,0.00,4,Snow,295
2012-12-11,42,30,17,23,14,5,93,62,21,29.98,29.85,28.77,20,10,0,32,6,41,0.00,4,Fog-Snow,193
2012-12-12,57,44,32,30,8,0,44,28,11,29.87,29.74,28.77,10,10,10,30,11,39,0.00,1,,258
2012-12-13,50,40,30,16,11,1,44,32,14,30.01,29.94,29.87,10,10,10,10,4,,0.00,4,,311
2012-12-14,44,38,32,28,12,9,65,40,25,29.86,29.70,29.49,10,10,10,15,5,,0.00,3,,301
2012-12-15,44,38,32,30,19,12,93,49,31,29.71,29.66,29.61,20,10,10,22,6,30,0.00,4,,305
2012-12-16,41,32,24,30,19,3,100,64,26,29.79,29.71,29.65,20,10,0,17,3,24,0.00,5,Fog,251
2012-12-17,50,40,30,28,9,3,93,30,20,29.95,29.67,29.47,20,10,3,34,13,45,0.00,2,Snow,261
2012-12-18,44,35,26,28,22,9,93,66,34,29.79,29.70,29.64,20,11,10,21,10,23,0.00,6,,339
2012-12-19,26,19,12,23,11,-6,93,68,30,30.08,29.83,29.65,15,8,0,23,12,38,0.00,6,Snow,331
2012-12-20,46,34,21,5,-3,-8,37,23,12,30.19,30.13,30.06,20,10,10,31,22,44,0.00,1,,266
2012-12-21,50,40,30,9,1,-8,34,21,11,30.18,30.13,30.05,10,10,5,23,7,32,0.00,2,,198
2012-12-22,50,40,30,7,-3,-24,32,19,4,30.04,29.98,29.87,10,10,10,17,5,25,0.00,2,,263
2012-12-23,53,42,30,18,3,-8,55,26,11,29.94,29.88,29.84,20,11,10,22,6,36,0.00,1,,274
2012-12-24,37,28,19,23,17,12,93,66,36,29.90,29.80,29.69,20,8,1,16,9,18,0.00,4,Snow,342
2012-12-25,17,12,6,14,7,1,86,80,63,30.16,30.03,29.91,12,6,2,12,6,,0.00,5,Snow,18
2012-12-26,41,23,5,12,7,1,85,79,31,29.94,29.75,29.59,15,8,5,7,1,,0.00,3,,346
2012-12-27,44,27,10,16,12,5,86,78,27,29.85,29.69,29.60,20,7,4,8,3,,0.00,4,Snow,275
2012-12-28,32,22,12,14,7,-4,86,59,27,30.06,29.93,29.83,20,10,7,18,3,24,0.00,1,,248
2012-12-29,44,29,14,5,-1,-6,53,39,17,30.12,30.02,29.87,10,10,10,7,2,,0.00,2,,281
2012-12-30,39,29,19,16,3,-13,63,38,12,29.98,29.90,29.85,20,11,10,17,5,,0.00,3,,308
2012-12-31,23,18,12,16,12,10,92,73,63,29.99,29.94,29.91,20,10,2,14,5,,0.00,6,Snow,343